18.875 79.375
18.875 79.125
19.125 79.125
18.875 78.875
19.125 78.875
18.875 78.625
19.125 78.625
19.375 78.625
17.625 78.375
17.875 78.375
18.125 78.375
18.625 78.375
18.875 78.375
19.125 78.375
19.375 78.375
19.625 78.375
17.625 78.125
17.875 78.125
18.125 78.125
18.375 78.125
18.625 78.125
18.875 78.125
19.125 78.125
19.375 78.125
17.625 77.875
17.875 77.875
18.125 77.875
18.375 77.875
18.625 77.875
18.875 77.875
19.125 77.875
17.875 77.625
18.125 77.625
18.375 77.625
18.625 77.625
18.875 77.625
19.125 77.625
17.875 77.375
18.125 77.375
18.375 77.375
18.625 77.375
18.875 77.375
19.125 77.375
19.375 77.375
17.875 77.125
18.125 77.125
18.375 77.125
18.625 77.125
18.875 77.125
19.125 77.125
19.375 77.125
17.875 76.875
18.125 76.875
18.375 76.875
18.625 76.875
18.875 76.875
19.125 76.875
19.375 76.875
19.625 76.875
18.125 76.625
18.375 76.625
18.625 76.625
18.875 76.625
19.125 76.625
19.375 76.625
19.625 76.625
19.875 76.625
18.125 76.375
18.375 76.375
18.625 76.375
18.875 76.375
19.125 76.375
19.375 76.375
19.625 76.375
19.875 76.375
20.125 76.375
18.125 76.125
18.375 76.125
18.625 76.125
18.875 76.125
19.125 76.125
19.375 76.125
19.625 76.125
19.875 76.125
20.125 76.125
20.375 76.125
18.625 75.875
18.875 75.875
19.125 75.875
19.375 75.875
19.625 75.875
19.875 75.875
20.125 75.875
20.375 75.875
18.625 75.625
18.875 75.625
19.125 75.625
19.375 75.625
19.625 75.625
19.875 75.625
20.125 75.625
20.375 75.625
18.875 75.375
19.125 75.375
19.375 75.375
19.625 75.375
19.875 75.375
20.125 75.375
20.375 75.375
19.125 75.125
19.375 75.125
19.625 75.125
19.875 75.125
20.125 75.125
19.375 74.875
19.625 74.875
19.875 74.875
20.125 74.875
19.375 74.625
19.625 74.625
19.875 74.625
19.125 74.375
19.375 74.375
19.625 74.375
19.875 74.375
20.125 74.375
19.375 74.125
19.625 74.125
19.875 74.125
20.125 74.125
19.625 73.875
19.875 73.875
20.125 73.875
20.375 73.875
19.875 73.625
