18.625 82.875
18.875 82.875
19.125 82.875
19.375 82.875
18.625 82.625
18.875 82.625
19.125 82.625
19.375 82.625
19.125 82.375
19.375 82.375
19.625 82.375
19.125 82.125
19.375 82.125
19.625 82.125
19.125 81.875
19.375 81.875
19.625 81.875
19.875 81.875
18.875 81.625
19.125 81.625
19.375 81.625
19.625 81.625
19.875 81.625
18.875 81.375
19.125 81.375
19.375 81.375
19.625 81.375
19.875 81.375
18.875 81.125
19.125 81.125
19.375 81.125
19.625 81.125
19.875 81.125
20.125 81.125
18.875 80.875
19.125 80.875
19.375 80.875
19.625 80.875
19.875 80.875
20.125 80.875
20.375 80.875
20.625 80.875
18.625 80.625
18.875 80.625
19.125 80.625
19.375 80.625
19.625 80.625
19.875 80.625
20.125 80.625
20.375 80.625
18.875 80.375
19.125 80.375
19.375 80.375
19.625 80.375
19.875 80.375
20.125 80.375
19.125 80.125
