21.875 80.875
21.375 80.625
21.625 80.625
21.875 80.625
20.375 80.375
20.625 80.375
20.875 80.375
21.125 80.375
21.375 80.375
21.625 80.375
21.875 80.375
22.125 80.375
19.375 80.125
19.625 80.125
19.875 80.125
20.125 80.125
20.375 80.125
20.625 80.125
20.875 80.125
21.125 80.125
21.375 80.125
21.625 80.125
21.875 80.125
22.125 80.125
22.375 80.125
22.625 80.125
19.125 79.875
19.375 79.875
19.625 79.875
19.875 79.875
20.125 79.875
20.375 79.875
20.625 79.875
20.875 79.875
21.125 79.875
21.375 79.875
21.625 79.875
21.875 79.875
22.125 79.875
22.375 79.875
19.125 79.625
19.375 79.625
19.625 79.625
19.875 79.625
20.125 79.625
20.375 79.625
20.625 79.625
20.875 79.625
21.125 79.625
21.375 79.625
21.625 79.625
21.875 79.625
22.125 79.625
22.375 79.625
19.125 79.375
19.375 79.375
19.625 79.375
19.875 79.375
20.125 79.375
20.375 79.375
20.625 79.375
20.875 79.375
21.125 79.375
21.375 79.375
21.625 79.375
21.875 79.375
22.125 79.375
22.375 79.375
19.375 79.125
19.625 79.125
19.875 79.125
20.125 79.125
20.375 79.125
20.625 79.125
20.875 79.125
21.125 79.125
21.375 79.125
21.625 79.125
21.875 79.125
22.125 79.125
22.375 79.125
19.375 78.875
19.625 78.875
19.875 78.875
20.125 78.875
20.375 78.875
20.625 78.875
20.875 78.875
21.125 78.875
21.375 78.875
21.625 78.875
21.875 78.875
22.125 78.875
22.375 78.875
19.625 78.625
19.875 78.625
20.125 78.625
20.375 78.625
20.625 78.625
20.875 78.625
21.125 78.625
21.375 78.625
21.625 78.625
21.875 78.625
22.125 78.625
19.875 78.375
20.125 78.375
20.375 78.375
20.625 78.375
20.875 78.375
21.125 78.375
21.375 78.375
21.625 78.375
19.625 78.125
19.875 78.125
20.125 78.125
20.375 78.125
20.625 78.125
20.875 78.125
21.125 78.125
21.375 78.125
19.375 77.875
19.625 77.875
19.875 77.875
20.125 77.875
20.375 77.875
20.625 77.875
20.875 77.875
19.375 77.625
19.625 77.625
19.875 77.625
20.125 77.625
20.375 77.625
20.625 77.625
19.625 77.375
19.875 77.375
20.125 77.375
20.375 77.375
19.625 77.125
19.875 77.125
20.125 77.125
19.875 76.875
20.125 76.875
20.125 76.625
20.375 76.375
